0.00000	0.00000	0.00000	0.00000	0.00000	0.00000	0.00000	0.00000	0.00000	0.00000	0.00000	0.00000	0.00000	0.00000	0.00000	0.00000	0.00000	0.00000	0.00000	0.00000	0.00000	0.00000	0.00000	0.00000	0.00000	0.00000	0.00000	0.00000	0.00000	0.00000	0.00000	0.00000	0.00000	0.00000	0.00000	0.00000	0.00000	0.00000	0.00000	0.00000	0.00000	0.00000	
55.94636	80.27790	88.30234	55.94636	80.27790	88.30234	73.80592	76.11811	72.97581	73.80592	76.11811	72.97581	83.56868	91.93064	85.80091	83.56868	91.93064	85.80091	72.93580	75.33928	75.12521	72.93580	75.33928	75.12521	62.58461	53.68521	61.40863	62.58461	53.68521	61.40863	56.17857	67.50332	38.44213	69.29888	48.31261	71.98759	56.17857	67.50332	38.44213	69.29888	48.31261	71.98759	
0.00000	0.00000	0.00000	0.00000	0.00000	0.00000	0.00000	0.00000	0.00000	0.00000	0.00000	0.00000	0.00000	0.00000	0.00000	0.00000	0.00000	0.00000	0.00000	0.00000	0.00000	0.00000	0.00000	0.00000	0.00000	0.00000	0.00000	0.00000	0.00000	0.00000	0.00000	0.00000	0.00000	0.00000	0.00000	0.00000	0.00000	0.00000	0.00000	0.00000	0.00000	0.00000	
60.36051	83.13607	88.11401	60.36051	83.13607	88.11401	74.65954	75.99855	72.98106	74.65954	75.99855	72.98106	83.74340	91.84043	85.09784	83.74340	91.84043	85.09784	73.92745	73.72605	75.60074	73.92745	73.72605	75.60074	65.85606	56.81645	63.38358	65.85606	56.81645	63.38358	56.82129	69.22804	38.91153	70.07152	48.60022	72.29624	56.82129	69.22804	38.91153	70.07152	48.60022	72.29624	
0.00000	0.00000	0.00000	0.00000	0.00000	0.00000	0.00000	0.00000	0.00000	0.00000	0.00000	0.00000	0.00000	0.00000	0.00000	0.00000	0.00000	0.00000	0.00000	0.00000	0.00000	0.00000	0.00000	0.00000	0.00000	0.00000	0.00000	0.00000	0.00000	0.00000	0.00000	0.00000	0.00000	0.00000	0.00000	0.00000	0.00000	0.00000	0.00000	0.00000	0.00000	0.00000	
57.49102	80.61537	88.16497	57.49102	80.61537	88.16497	75.72341	77.90447	73.71542	75.72341	77.90447	73.71542	85.88244	93.15990	86.53445	85.88244	93.15990	86.53445	72.79645	73.21956	75.04244	72.79645	73.21956	75.04244	62.72103	54.32326	60.88050	62.72103	54.32326	60.88050	56.96938	68.59729	38.87537	69.68299	48.35795	72.11595	56.96938	68.59729	38.87537	69.68299	48.35795	72.11595	
0.00000	0.00000	0.00000	0.00000	0.00000	0.00000	0.00000	0.00000	0.00000	0.00000	0.00000	0.00000	0.00000	0.00000	0.00000	0.00000	0.00000	0.00000	0.00000	0.00000	0.00000	0.00000	0.00000	0.00000	0.00000	0.00000	0.00000	0.00000	0.00000	0.00000	0.00000	0.00000	0.00000	0.00000	0.00000	0.00000	0.00000	0.00000	0.00000	0.00000	0.00000	0.00000	
57.36551	80.56780	88.31636	57.36551	80.56780	88.31636	76.66201	78.73729	74.58292	76.66201	78.73729	74.58292	86.35014	93.51637	86.84611	86.35014	93.51637	86.84611	72.23878	72.82436	74.69085	72.23878	72.82436	74.69085	62.47899	54.12457	60.73333	62.47899	54.12457	60.73333	57.94229	68.83962	39.89578	69.94436	48.59438	72.29399	57.94229	68.83962	39.89578	69.94436	48.59438	72.29399	
0.00000	0.00000	0.00000	0.00000	0.00000	0.00000	0.00000	0.00000	0.00000	0.00000	0.00000	0.00000	0.00000	0.00000	0.00000	0.00000	0.00000	0.00000	0.00000	0.00000	0.00000	0.00000	0.00000	0.00000	0.00000	0.00000	0.00000	0.00000	0.00000	0.00000	0.00000	0.00000	0.00000	0.00000	0.00000	0.00000	0.00000	0.00000	0.00000	0.00000	0.00000	0.00000	
57.57068	80.71949	88.25838	57.57068	80.71949	88.25838	76.71738	78.85310	73.90476	76.71738	78.85310	73.90476	85.67360	93.29163	86.18952	85.67360	93.29163	86.18952	72.09812	72.27714	75.19582	72.09812	72.27714	75.19582	63.77904	54.99018	61.35266	63.77904	54.99018	61.35266	58.99684	69.13928	41.30241	70.23899	48.77177	72.27882	58.99684	69.13928	41.30241	70.23899	48.77177	72.27882	
0.00000	0.00000	0.00000	0.00000	0.00000	0.00000	0.00000	0.00000	0.00000	0.00000	0.00000	0.00000	0.00000	0.00000	0.00000	0.00000	0.00000	0.00000	0.00000	0.00000	0.00000	0.00000	0.00000	0.00000	0.00000	0.00000	0.00000	0.00000	0.00000	0.00000	0.00000	0.00000	0.00000	0.00000	0.00000	0.00000	0.00000	0.00000	0.00000	0.00000	0.00000	0.00000	
57.09305	80.47849	88.34835	57.09305	80.47849	88.34835	76.29359	78.38000	74.26901	76.29359	78.38000	74.26901	85.10843	93.02221	85.84521	85.10843	93.02221	85.84521	70.85856	70.68192	75.24917	70.85856	70.68192	75.24917	64.57696	55.68627	61.62994	64.57696	55.68627	61.62994	58.45480	68.73090	40.69682	69.82428	48.53685	72.31309	58.45480	68.73090	40.69682	69.82428	48.53685	72.31309	
0.00000	0.00000	0.00000	0.00000	0.00000	0.00000	0.00000	0.00000	0.00000	0.00000	0.00000	0.00000	0.00000	0.00000	0.00000	0.00000	0.00000	0.00000	0.00000	0.00000	0.00000	0.00000	0.00000	0.00000	0.00000	0.00000	0.00000	0.00000	0.00000	0.00000	0.00000	0.00000	0.00000	0.00000	0.00000	0.00000	0.00000	0.00000	0.00000	0.00000	0.00000	0.00000	
57.55644	80.71795	88.31481	57.55644	80.71795	88.31481	76.45943	78.04869	74.21875	76.45943	78.04869	74.21875	85.89185	93.42636	86.55505	85.89185	93.42636	86.55505	71.91336	71.24692	75.75758	71.91336	71.24692	75.75758	65.25327	56.15478	62.35455	65.25327	56.15478	62.35455	59.04192	69.35271	40.95279	70.09125	48.64865	72.64156	59.04192	69.35271	40.95279	70.09125	48.64865	72.64156	
0.00000	0.00000	0.00000	0.00000	0.00000	0.00000	0.00000	0.00000	0.00000	0.00000	0.00000	0.00000	0.00000	0.00000	0.00000	0.00000	0.00000	0.00000	0.00000	0.00000	0.00000	0.00000	0.00000	0.00000	0.00000	0.00000	0.00000	0.00000	0.00000	0.00000	0.00000	0.00000	0.00000	0.00000	0.00000	0.00000	0.00000	0.00000	0.00000	0.00000	0.00000	0.00000	
57.83890	80.87364	88.24593	57.83890	80.87364	88.24593	75.48739	77.45934	73.86478	75.48739	77.45934	73.86478	85.99860	93.38728	86.57453	85.99860	93.38728	86.57453	71.88596	71.66411	76.12574	71.88596	71.66411	76.12574	65.80372	56.49224	63.03237	65.80372	56.49224	63.03237	59.55807	69.42877	41.35519	70.20530	49.04727	72.81510	59.55807	69.42877	41.35519	70.20530	49.04727	72.81510	
0.00000	0.00000	0.00000	0.00000	0.00000	0.00000	0.00000	0.00000	0.00000	0.00000	0.00000	0.00000	0.00000	0.00000	0.00000	0.00000	0.00000	0.00000	0.00000	0.00000	0.00000	0.00000	0.00000	0.00000	0.00000	0.00000	0.00000	0.00000	0.00000	0.00000	0.00000	0.00000	0.00000	0.00000	0.00000	0.00000	0.00000	0.00000	0.00000	0.00000	0.00000	0.00000	
57.75669	80.93185	88.19988	57.75669	80.93185	88.19988	75.66749	77.82358	73.75887	75.66749	77.82358	73.75887	86.21910	93.39751	87.06240	86.21910	93.39751	87.06240	71.40527	70.87224	76.07777	71.40527	70.87224	76.07777	66.75830	57.08580	63.10680	66.75830	57.08580	63.10680	59.82160	69.60474	41.72707	70.30634	48.98930	72.86584	59.82160	69.60474	41.72707	70.30634	48.98930	72.86584	
0.00000	0.00000	0.00000	0.00000	0.00000	0.00000	0.00000	0.00000	0.00000	0.00000	0.00000	0.00000	0.00000	0.00000	0.00000	0.00000	0.00000	0.00000	0.00000	0.00000	0.00000	0.00000	0.00000	0.00000	0.00000	0.00000	0.00000	0.00000	0.00000	0.00000	0.00000	0.00000	0.00000	0.00000	0.00000	0.00000	0.00000	0.00000	0.00000	0.00000	0.00000	0.00000	
58.04551	81.05739	88.24418	58.04551	81.05739	88.24418	75.86239	77.73125	74.26160	75.86239	77.73125	74.26160	86.46236	93.73350	86.81152	86.46236	93.73350	86.81152	70.93946	70.43514	75.62189	70.93946	70.43514	75.62189	67.40213	58.15962	63.14275	67.40213	58.15962	63.14275	60.01112	69.78716	42.10736	70.53738	49.00857	72.84842	60.01112	69.78716	42.10736	70.53738	49.00857	72.84842	
0.00000	0.00000	0.00000	0.00000	0.00000	0.00000	0.00000	0.00000	0.00000	0.00000	0.00000	0.00000	0.00000	0.00000	0.00000	0.00000	0.00000	0.00000	0.00000	0.00000	0.00000	0.00000	0.00000	0.00000	0.00000	0.00000	0.00000	0.00000	0.00000	0.00000	0.00000	0.00000	0.00000	0.00000	0.00000	0.00000	0.00000	0.00000	0.00000	0.00000	0.00000	0.00000	
57.68881	81.01190	88.21040	57.68881	81.01190	88.21040	76.45477	78.49901	74.11168	76.45477	78.49901	74.11168	86.84326	93.86833	86.89444	86.84326	93.86833	86.89444	70.31054	69.82904	76.00989	70.31054	69.82904	76.00989	67.63132	58.27018	63.51498	67.63132	58.27018	63.51498	60.13790	69.84443	42.43701	70.65258	48.76813	72.91825	60.13790	69.84443	42.43701	70.65258	48.76813	72.91825	
0.00000	0.00000	0.00000	0.00000	0.00000	0.00000	0.00000	0.00000	0.00000	0.00000	0.00000	0.00000	0.00000	0.00000	0.00000	0.00000	0.00000	0.00000	0.00000	0.00000	0.00000	0.00000	0.00000	0.00000	0.00000	0.00000	0.00000	0.00000	0.00000	0.00000	0.00000	0.00000	0.00000	0.00000	0.00000	0.00000	0.00000	0.00000	0.00000	0.00000	0.00000	0.00000	
58.25212	81.01908	88.38049	58.25212	81.01908	88.38049	76.16447	77.81700	74.01247	76.16447	77.81700	74.01247	87.00084	93.97980	87.06366	87.00084	93.97980	87.06366	70.48852	69.59779	76.11065	70.48852	69.59779	76.11065	67.77236	57.89544	63.72959	67.77236	57.89544	63.72959	60.67665	70.05916	42.76373	70.51214	48.81323	73.01835	60.67665	70.05916	42.76373	70.51214	48.81323	73.01835	
0.00000	0.00000	0.00000	0.00000	0.00000	0.00000	0.00000	0.00000	0.00000	0.00000	0.00000	0.00000	0.00000	0.00000	0.00000	0.00000	0.00000	0.00000	0.00000	0.00000	0.00000	0.00000	0.00000	0.00000	0.00000	0.00000	0.00000	0.00000	0.00000	0.00000	0.00000	0.00000	0.00000	0.00000	0.00000	0.00000	0.00000	0.00000	0.00000	0.00000	0.00000	0.00000	
58.02500	80.99002	88.13863	58.02500	80.99002	88.13863	76.13925	78.12126	74.05063	76.13925	78.12126	74.05063	86.45787	93.76596	86.88689	86.45787	93.76596	86.88689	70.59890	69.73430	76.00000	70.59890	69.73430	76.00000	68.33812	58.50502	63.74448	68.33812	58.50502	63.74448	61.35543	70.15243	43.38497	70.75026	49.11368	72.98905	61.35543	70.15243	43.38497	70.75026	49.11368	72.98905	
0.00000	0.00000	0.00000	0.00000	0.00000	0.00000	0.00000	0.00000	0.00000	0.00000	0.00000	0.00000	0.00000	0.00000	0.00000	0.00000	0.00000	0.00000	0.00000	0.00000	0.00000	0.00000	0.00000	0.00000	0.00000	0.00000	0.00000	0.00000	0.00000	0.00000	0.00000	0.00000	0.00000	0.00000	0.00000	0.00000	0.00000	0.00000	0.00000	0.00000	0.00000	0.00000	
58.23763	81.03664	88.12030	58.23763	81.03664	88.12030	75.84923	77.96021	74.11168	75.84923	77.96021	74.11168	86.97626	94.07636	87.04453	86.97626	94.07636	87.04453	70.84708	69.81196	76.17421	70.84708	69.81196	76.17421	68.46172	58.66944	64.05325	68.46172	58.66944	64.05325	61.35516	70.28785	43.10746	70.77701	48.97119	73.07919	61.35516	70.28785	43.10746	70.77701	48.97119	73.07919	
0.00000	0.00000	0.00000	0.00000	0.00000	0.00000	0.00000	0.00000	0.00000	0.00000	0.00000	0.00000	0.00000	0.00000	0.00000	0.00000	0.00000	0.00000	0.00000	0.00000	0.00000	0.00000	0.00000	0.00000	0.00000	0.00000	0.00000	0.00000	0.00000	0.00000	0.00000	0.00000	0.00000	0.00000	0.00000	0.00000	0.00000	0.00000	0.00000	0.00000	0.00000	0.00000	
58.23331	81.15656	88.26206	58.23331	81.15656	88.26206	75.53317	77.22313	73.85554	75.53317	77.22313	73.85554	86.75758	93.96122	87.23404	86.75758	93.96122	87.23404	70.51409	69.36628	76.14991	70.51409	69.36628	76.14991	69.06856	58.82892	64.61889	69.06856	58.82892	64.61889	61.83731	70.32400	43.44578	70.66365	49.28604	73.23441	61.83731	70.32400	43.44578	70.66365	49.28604	73.23441	
0.00000	0.00000	0.00000	0.00000	0.00000	0.00000	0.00000	0.00000	0.00000	0.00000	0.00000	0.00000	0.00000	0.00000	0.00000	0.00000	0.00000	0.00000	0.00000	0.00000	0.00000	0.00000	0.00000	0.00000	0.00000	0.00000	0.00000	0.00000	0.00000	0.00000	0.00000	0.00000	0.00000	0.00000	0.00000	0.00000	0.00000	0.00000	0.00000	0.00000	0.00000	0.00000	
58.37102	81.06556	88.09096	58.37102	81.06556	88.09096	75.64912	77.71072	73.54709	75.64912	77.71072	73.54709	86.88118	94.09108	86.97415	86.88118	94.09108	86.97415	70.48486	69.54164	76.36364	70.48486	69.54164	76.36364	67.88921	58.35904	63.62694	67.88921	58.35904	63.62694	61.60906	70.14741	43.59329	70.72689	49.37874	72.99692	61.60906	70.14741	43.59329	70.72689	49.37874	72.99692	
0.00000	0.00000	0.00000	0.00000	0.00000	0.00000	0.00000	0.00000	0.00000	0.00000	0.00000	0.00000	0.00000	0.00000	0.00000	0.00000	0.00000	0.00000	0.00000	0.00000	0.00000	0.00000	0.00000	0.00000	0.00000	0.00000	0.00000	0.00000	0.00000	0.00000	0.00000	0.00000	0.00000	0.00000	0.00000	0.00000	0.00000	0.00000	0.00000	0.00000	0.00000	0.00000	
58.74220	81.29864	88.16497	58.74220	81.29864	88.16497	75.53564	77.49188	74.00612	75.53564	77.49188	74.00612	86.99579	94.05729	87.32106	86.99579	94.05729	87.32106	70.17641	69.11359	75.95156	70.17641	69.11359	75.95156	68.60306	58.67984	64.15525	68.60306	58.67984	64.15525	61.78359	70.30611	43.81225	70.74225	49.18708	73.13101	61.78359	70.30611	43.81225	70.74225	49.18708	73.13101	
0.00000	0.00000	0.00000	0.00000	0.00000	0.00000	0.00000	0.00000	0.00000	0.00000	0.00000	0.00000	0.00000	0.00000	0.00000	0.00000	0.00000	0.00000	0.00000	0.00000	0.00000	0.00000	0.00000	0.00000	0.00000	0.00000	0.00000	0.00000	0.00000	0.00000	0.00000	0.00000	0.00000	0.00000	0.00000	0.00000	0.00000	0.00000	0.00000	0.00000	0.00000	0.00000	
57.93475	81.11169	88.14371	57.93475	81.11169	88.14371	75.59868	77.54690	74.24547	75.59868	77.54690	74.24547	87.33455	94.26567	87.34694	87.33455	94.26567	87.34694	70.78706	69.80555	76.39123	70.78706	69.80555	76.39123	69.19311	58.84079	64.94953	69.19311	58.84079	64.94953	61.86908	70.45287	43.94192	70.91875	49.41232	73.41487	61.86908	70.45287	43.94192	70.91875	49.41232	73.41487	
0.00000	0.00000	0.00000	0.00000	0.00000	0.00000	0.00000	0.00000	0.00000	0.00000	0.00000	0.00000	0.00000	0.00000	0.00000	0.00000	0.00000	0.00000	0.00000	0.00000	0.00000	0.00000	0.00000	0.00000	0.00000	0.00000	0.00000	0.00000	0.00000	0.00000	0.00000	0.00000	0.00000	0.00000	0.00000	0.00000	0.00000	0.00000	0.00000	0.00000	0.00000	0.00000	
58.04280	81.00939	88.11021	58.04280	81.00939	88.11021	75.40406	77.34558	73.62978	75.40406	77.34558	73.62978	87.24874	94.22885	87.30964	87.24874	94.22885	87.30964	70.99400	70.29262	76.39485	70.99400	70.29262	76.39485	69.44506	59.19333	64.80762	69.44506	59.19333	64.80762	61.60615	70.45680	43.76374	70.97225	49.00542	73.20959	61.60615	70.45680	43.76374	70.97225	49.00542	73.20959	
0.00000	0.00000	0.00000	0.00000	0.00000	0.00000	0.00000	0.00000	0.00000	0.00000	0.00000	0.00000	0.00000	0.00000	0.00000	0.00000	0.00000	0.00000	0.00000	0.00000	0.00000	0.00000	0.00000	0.00000	0.00000	0.00000	0.00000	0.00000	0.00000	0.00000	0.00000	0.00000	0.00000	0.00000	0.00000	0.00000	0.00000	0.00000	0.00000	0.00000	0.00000	0.00000	
58.21144	81.05681	88.11733	58.21144	81.05681	88.11733	75.66886	78.02036	73.95626	75.66886	78.02036	73.95626	87.33624	94.25728	87.54448	87.33624	94.25728	87.54448	71.24087	70.03653	76.79325	71.24087	70.03653	76.79325	69.45933	59.26983	64.94733	69.45933	59.26983	64.94733	62.14220	70.67649	44.57879	71.20327	49.42317	73.46364	62.14220	70.67649	44.57879	71.20327	49.42317	73.46364	
0.00000	0.00000	0.00000	0.00000	0.00000	0.00000	0.00000	0.00000	0.00000	0.00000	0.00000	0.00000	0.00000	0.00000	0.00000	0.00000	0.00000	0.00000	0.00000	0.00000	0.00000	0.00000	0.00000	0.00000	0.00000	0.00000	0.00000	0.00000	0.00000	0.00000	0.00000	0.00000	0.00000	0.00000	0.00000	0.00000	0.00000	0.00000	0.00000	0.00000	0.00000	0.00000	
58.30602	80.97564	88.13661	58.30602	80.97564	88.13661	75.45861	77.49680	73.85554	75.45861	77.49680	73.85554	87.35281	94.26707	87.40439	87.35281	94.26707	87.40439	70.73539	69.63513	76.02041	70.73539	69.63513	76.02041	69.96074	59.81279	65.09434	69.96074	59.81279	65.09434	62.16727	70.66347	44.43251	71.10332	49.19487	73.28436	62.16727	70.66347	44.43251	71.10332	49.19487	73.28436	
0.00000	0.00000	0.00000	0.00000	0.00000	0.00000	0.00000	0.00000	0.00000	0.00000	0.00000	0.00000	0.00000	0.00000	0.00000	0.00000	0.00000	0.00000	0.00000	0.00000	0.00000	0.00000	0.00000	0.00000	0.00000	0.00000	0.00000	0.00000	0.00000	0.00000	0.00000	0.00000	0.00000	0.00000	0.00000	0.00000	0.00000	0.00000	0.00000	0.00000	0.00000	0.00000	
58.33966	81.00233	88.15081	58.33966	81.00233	88.15081	75.49644	77.62453	73.84008	75.49644	77.62453	73.84008	87.38820	94.28138	87.50000	87.38820	94.28138	87.50000	70.78340	69.64389	76.26978	70.78340	69.64389	76.26978	70.11159	59.99158	65.09804	70.11159	59.99158	65.09804	62.19299	70.71872	44.50065	71.17406	49.20071	73.34324	62.19299	70.71872	44.50065	71.17406	49.20071	73.34324	
0.00000	0.00000	0.00000	0.00000	0.00000	0.00000	0.00000	0.00000	0.00000	0.00000	0.00000	0.00000	0.00000	0.00000	0.00000	0.00000	0.00000	0.00000	0.00000	0.00000	0.00000	0.00000	0.00000	0.00000	0.00000	0.00000	0.00000	0.00000	0.00000	0.00000	0.00000	0.00000	0.00000	0.00000	0.00000	0.00000	0.00000	0.00000	0.00000	0.00000	0.00000	0.00000	
58.21703	80.95698	88.15081	58.21703	80.95698	88.15081	75.37911	77.52339	73.88282	75.37911	77.52339	73.88282	87.29368	94.22777	87.41117	87.29368	94.22777	87.41117	70.66701	69.48594	75.99338	70.66701	69.48594	75.99338	70.06401	60.03653	65.22578	70.06401	60.03653	65.22578	62.20110	70.63699	44.49204	71.12044	49.20009	73.31067	62.20110	70.63699	44.49204	71.12044	49.20009	73.31067	
0.00000	0.00000	0.00000	0.00000	0.00000	0.00000	0.00000	0.00000	0.00000	0.00000	0.00000	0.00000	0.00000	0.00000	0.00000	0.00000	0.00000	0.00000	0.00000	0.00000	0.00000	0.00000	0.00000	0.00000	0.00000	0.00000	0.00000	0.00000	0.00000	0.00000	0.00000	0.00000	0.00000	0.00000	0.00000	0.00000	0.00000	0.00000	0.00000	0.00000	0.00000	0.00000	
58.25839	80.95830	88.15081	58.25839	80.95830	88.15081	75.60417	77.61930	74.19355	75.60417	77.61930	74.19355	87.50506	94.32269	87.50632	87.50506	94.32269	87.50632	70.66232	69.42312	76.16667	70.66232	69.42312	76.16667	70.21442	60.11360	65.32288	70.21442	60.11360	65.32288	62.19266	70.73950	44.44411	71.14686	49.35143	73.44861	62.19266	70.73950	44.44411	71.14686	49.35143	73.44861	
0.00000	0.00000	0.00000	0.00000	0.00000	0.00000	0.00000	0.00000	0.00000	0.00000	0.00000	0.00000	0.00000	0.00000	0.00000	0.00000	0.00000	0.00000	0.00000	0.00000	0.00000	0.00000	0.00000	0.00000	0.00000	0.00000	0.00000	0.00000	0.00000	0.00000	0.00000	0.00000	0.00000	0.00000	0.00000	0.00000	0.00000	0.00000	0.00000	0.00000	0.00000	0.00000	
58.24093	80.99818	88.17719	58.24093	80.99818	88.17719	75.61568	77.70301	74.03751	75.61568	77.70301	74.03751	87.51292	94.33402	87.42331	87.51292	94.33402	87.42331	70.86534	69.82079	76.28524	70.86534	69.82079	76.28524	69.93329	59.94481	65.21257	69.93329	59.94481	65.21257	62.06751	70.70595	44.31228	71.18551	49.19313	73.38816	62.06751	70.70595	44.31228	71.18551	49.19313	73.38816	
