0.00000	0.00000	0.00000	0.00000	0.00000	0.00000	0.00000	0.00000	0.00000	0.00000	0.00000	0.00000	0.00000	0.00000	0.00000	0.00000	0.00000	0.00000	0.00000	0.00000	0.00000	0.00000	0.00000	0.00000	0.00000	0.00000	0.00000	0.00000	0.00000	0.00000	0.00000	0.00000	0.00000	0.00000	0.00000	0.00000	0.00000	0.00000	0.00000	0.00000	0.00000	0.00000	
58.33542	81.94658	88.11231	58.33542	81.94659	88.11231	74.77796	76.30269	73.45455	74.77796	76.30269	73.45455	80.58399	91.20173	83.30942	80.58399	91.20173	83.30942	70.61952	73.67745	72.99652	70.61952	73.67745	72.99652	64.36571	58.96570	62.43252	64.36571	58.96570	62.43252	60.77414	68.24279	41.31021	70.56739	49.75046	71.67596	60.77414	68.24279	41.31021	70.56740	49.75046	71.67596	
0.00000	0.00000	0.00000	0.00000	0.00000	0.00000	0.00000	0.00000	0.00000	0.00000	0.00000	0.00000	0.00000	0.00000	0.00000	0.00000	0.00000	0.00000	0.00000	0.00000	0.00000	0.00000	0.00000	0.00000	0.00000	0.00000	0.00000	0.00000	0.00000	0.00000	0.00000	0.00000	0.00000	0.00000	0.00000	0.00000	0.00000	0.00000	0.00000	0.00000	0.00000	0.00000	
57.53153	81.83897	88.07175	57.53153	81.83897	88.07175	75.42325	75.79418	73.50272	75.42325	75.79418	73.50272	83.78904	92.71086	84.04002	83.78904	92.71086	84.04002	70.33038	73.30911	73.84868	70.33038	73.30911	73.84868	66.72521	59.62653	63.38621	66.72518	59.62644	63.38621	62.38566	69.36418	42.73535	71.00250	50.42493	72.21239	62.38566	69.36417	42.73535	71.00248	50.42493	72.21239	
0.00000	0.00000	0.00000	0.00000	0.00000	0.00000	0.00000	0.00000	0.00000	0.00000	0.00000	0.00000	0.00000	0.00000	0.00000	0.00000	0.00000	0.00000	0.00000	0.00000	0.00000	0.00000	0.00000	0.00000	0.00000	0.00000	0.00000	0.00000	0.00000	0.00000	0.00000	0.00000	0.00000	0.00000	0.00000	0.00000	0.00000	0.00000	0.00000	0.00000	0.00000	0.00000	
57.66712	81.60579	88.15592	57.66703	81.60571	88.15592	75.43147	76.93334	73.42723	75.43147	76.93334	73.42723	85.48062	93.26777	85.16320	85.48062	93.26777	85.16320	71.89353	74.11331	74.95741	71.89353	74.11331	74.95741	68.01599	59.58752	63.88254	68.01599	59.58757	63.88254	62.10610	70.09914	42.85680	71.39409	50.21133	72.63294	62.10608	70.09912	42.85674	71.39407	50.21133	72.63294	
0.00000	0.00000	0.00000	0.00000	0.00000	0.00000	0.00000	0.00000	0.00000	0.00000	0.00000	0.00000	0.00000	0.00000	0.00000	0.00000	0.00000	0.00000	0.00000	0.00000	0.00000	0.00000	0.00000	0.00000	0.00000	0.00000	0.00000	0.00000	0.00000	0.00000	0.00000	0.00000	0.00000	0.00000	0.00000	0.00000	0.00000	0.00000	0.00000	0.00000	0.00000	0.00000	
57.27949	81.73636	88.14371	57.27949	81.73636	88.14371	74.87116	76.59428	72.78549	74.87116	76.59428	72.78549	85.46292	93.12144	85.48223	85.46292	93.12144	85.48223	70.49948	72.96863	73.95918	70.49948	72.96863	73.95918	68.19344	59.21937	64.18787	68.19348	59.21941	64.18787	62.14853	69.74250	42.44812	71.01470	50.30544	72.47732	62.14853	69.74251	42.44812	71.01471	50.30544	72.47732	
0.00000	0.00000	0.00000	0.00000	0.00000	0.00000	0.00000	0.00000	0.00000	0.00000	0.00000	0.00000	0.00000	0.00000	0.00000	0.00000	0.00000	0.00000	0.00000	0.00000	0.00000	0.00000	0.00000	0.00000	0.00000	0.00000	0.00000	0.00000	0.00000	0.00000	0.00000	0.00000	0.00000	0.00000	0.00000	0.00000	0.00000	0.00000	0.00000	0.00000	0.00000	0.00000	
57.36136	81.70645	88.17719	57.36136	81.70652	88.17719	75.47039	76.62191	73.37381	75.47039	76.62191	73.37381	86.21461	93.61625	85.89276	86.21461	93.61625	85.89276	71.25470	73.23161	74.41485	71.25470	73.23161	74.41485	68.57662	60.17775	63.91892	68.57662	60.17775	63.91892	62.45493	70.22210	43.30564	71.44327	50.09529	72.64547	62.45493	70.22210	43.30563	71.44328	50.09529	72.64547	
0.00000	0.00000	0.00000	0.00000	0.00000	0.00000	0.00000	0.00000	0.00000	0.00000	0.00000	0.00000	0.00000	0.00000	0.00000	0.00000	0.00000	0.00000	0.00000	0.00000	0.00000	0.00000	0.00000	0.00000	0.00000	0.00000	0.00000	0.00000	0.00000	0.00000	0.00000	0.00000	0.00000	0.00000	0.00000	0.00000	0.00000	0.00000	0.00000	0.00000	0.00000	0.00000	
57.00712	81.30900	88.25644	57.00720	81.30900	88.25644	75.87007	76.72268	73.84615	75.87007	76.72268	73.84615	85.68876	93.27471	85.56962	85.68876	93.27471	85.56962	71.14196	72.68787	74.07407	71.14196	72.68787	74.07407	69.63551	60.77202	64.91876	69.63554	60.77202	64.91876	62.16873	70.25203	42.78296	71.25821	50.07096	72.78934	62.16873	70.25204	42.78296	71.25821	50.07096	72.78934	
0.00000	0.00000	0.00000	0.00000	0.00000	0.00000	0.00000	0.00000	0.00000	0.00000	0.00000	0.00000	0.00000	0.00000	0.00000	0.00000	0.00000	0.00000	0.00000	0.00000	0.00000	0.00000	0.00000	0.00000	0.00000	0.00000	0.00000	0.00000	0.00000	0.00000	0.00000	0.00000	0.00000	0.00000	0.00000	0.00000	0.00000	0.00000	0.00000	0.00000	0.00000	0.00000	
57.08864	81.42387	88.19133	57.08864	81.42388	88.19133	75.45943	76.02288	73.52941	75.45943	76.02288	73.52941	86.19494	93.61064	85.77320	86.19494	93.61064	85.77320	70.05010	70.72888	74.17998	70.04984	70.72859	74.17998	69.29081	59.87913	64.83328	69.29081	59.87913	64.83328	62.11928	70.03387	42.30689	70.66205	50.01434	72.75359	62.11928	70.03382	42.30692	70.66201	50.01434	72.75359	
0.00000	0.00000	0.00000	0.00000	0.00000	0.00000	0.00000	0.00000	0.00000	0.00000	0.00000	0.00000	0.00000	0.00000	0.00000	0.00000	0.00000	0.00000	0.00000	0.00000	0.00000	0.00000	0.00000	0.00000	0.00000	0.00000	0.00000	0.00000	0.00000	0.00000	0.00000	0.00000	0.00000	0.00000	0.00000	0.00000	0.00000	0.00000	0.00000	0.00000	0.00000	0.00000	
57.35186	81.48628	88.23001	57.35186	81.48628	88.23001	76.17105	76.74622	74.33628	76.17105	76.74622	74.33628	86.76601	93.76815	86.18219	86.76601	93.76815	86.18219	71.44415	72.11873	74.26710	71.44415	72.11873	74.26710	69.68258	60.03811	65.21452	69.68258	60.03811	65.21452	62.53858	70.65904	42.42248	71.09666	50.55003	73.13002	62.53858	70.65904	42.42254	71.09667	50.55003	73.13002	
0.00000	0.00000	0.00000	0.00000	0.00000	0.00000	0.00000	0.00000	0.00000	0.00000	0.00000	0.00000	0.00000	0.00000	0.00000	0.00000	0.00000	0.00000	0.00000	0.00000	0.00000	0.00000	0.00000	0.00000	0.00000	0.00000	0.00000	0.00000	0.00000	0.00000	0.00000	0.00000	0.00000	0.00000	0.00000	0.00000	0.00000	0.00000	0.00000	0.00000	0.00000	0.00000	
57.48814	81.63387	88.17719	57.48814	81.63387	88.17719	76.80373	77.37310	74.87179	76.80373	77.37310	74.87179	87.18230	94.01623	86.27848	87.18230	94.01623	86.27848	71.15866	72.37839	74.03315	71.15866	72.37839	74.03315	69.60697	60.13948	65.40881	69.60697	60.13948	65.40881	62.96539	70.86753	43.26395	71.46750	50.14216	73.15193	62.96537	70.86753	43.26395	71.46750	50.14216	73.15193	
0.00000	0.00000	0.00000	0.00000	0.00000	0.00000	0.00000	0.00000	0.00000	0.00000	0.00000	0.00000	0.00000	0.00000	0.00000	0.00000	0.00000	0.00000	0.00000	0.00000	0.00000	0.00000	0.00000	0.00000	0.00000	0.00000	0.00000	0.00000	0.00000	0.00000	0.00000	0.00000	0.00000	0.00000	0.00000	0.00000	0.00000	0.00000	0.00000	0.00000	0.00000	0.00000	
57.37373	81.36560	88.20359	57.37373	81.36560	88.20359	75.91475	76.20727	74.67467	75.91475	76.20727	74.67467	87.62809	94.18442	86.82171	87.62809	94.18442	86.82171	71.65710	72.01661	74.61224	71.65710	72.01661	74.61224	70.50651	61.37690	65.76159	70.50654	61.37716	65.76159	63.35652	71.07278	43.53065	71.44691	50.25381	73.38794	63.35652	71.07279	43.53065	71.44695	50.25381	73.38794	
0.00000	0.00000	0.00000	0.00000	0.00000	0.00000	0.00000	0.00000	0.00000	0.00000	0.00000	0.00000	0.00000	0.00000	0.00000	0.00000	0.00000	0.00000	0.00000	0.00000	0.00000	0.00000	0.00000	0.00000	0.00000	0.00000	0.00000	0.00000	0.00000	0.00000	0.00000	0.00000	0.00000	0.00000	0.00000	0.00000	0.00000	0.00000	0.00000	0.00000	0.00000	0.00000	
57.15288	81.40291	88.19133	57.15288	81.40291	88.19133	76.35746	76.82656	74.60000	76.35746	76.82656	74.60000	87.87612	94.23926	87.16606	87.87612	94.23926	87.16606	71.15501	72.22039	74.49063	71.15501	72.22039	74.49063	72.21530	62.58492	66.59521	72.21530	62.58492	66.59521	63.93045	71.44787	44.26351	71.92292	50.99458	73.67297	63.93045	71.44787	44.26351	71.92292	50.99458	73.67297	
0.00000	0.00000	0.00000	0.00000	0.00000	0.00000	0.00000	0.00000	0.00000	0.00000	0.00000	0.00000	0.00000	0.00000	0.00000	0.00000	0.00000	0.00000	0.00000	0.00000	0.00000	0.00000	0.00000	0.00000	0.00000	0.00000	0.00000	0.00000	0.00000	0.00000	0.00000	0.00000	0.00000	0.00000	0.00000	0.00000	0.00000	0.00000	0.00000	0.00000	0.00000	0.00000	
57.31153	81.49946	88.21065	57.31153	81.49946	88.21065	76.39638	76.68603	74.83254	76.39638	76.68603	74.83254	89.22837	94.96779	87.89284	89.22837	94.96779	87.89284	71.29228	71.93642	74.24000	71.29228	71.93642	74.24000	71.73482	62.15730	66.01417	71.73479	62.15720	66.01417	64.17768	71.69018	44.87780	72.02080	50.78548	73.66261	64.17768	71.69017	44.87780	72.02078	50.78548	73.66261	
0.00000	0.00000	0.00000	0.00000	0.00000	0.00000	0.00000	0.00000	0.00000	0.00000	0.00000	0.00000	0.00000	0.00000	0.00000	0.00000	0.00000	0.00000	0.00000	0.00000	0.00000	0.00000	0.00000	0.00000	0.00000	0.00000	0.00000	0.00000	0.00000	0.00000	0.00000	0.00000	0.00000	0.00000	0.00000	0.00000	0.00000	0.00000	0.00000	0.00000	0.00000	0.00000	
57.48475	81.52029	88.15789	57.48475	81.52029	88.15789	76.33827	77.16495	74.63617	76.33827	77.16495	74.63617	88.66376	94.65946	87.85714	88.66376	94.65946	87.85714	71.12056	71.85179	74.53815	71.12056	71.85210	74.53815	71.90308	62.02283	66.59700	71.90304	62.02291	66.59700	64.49151	71.66699	44.72590	71.99087	51.30229	73.84811	64.49149	71.66698	44.72579	71.99092	51.30229	73.84811	
0.00000	0.00000	0.00000	0.00000	0.00000	0.00000	0.00000	0.00000	0.00000	0.00000	0.00000	0.00000	0.00000	0.00000	0.00000	0.00000	0.00000	0.00000	0.00000	0.00000	0.00000	0.00000	0.00000	0.00000	0.00000	0.00000	0.00000	0.00000	0.00000	0.00000	0.00000	0.00000	0.00000	0.00000	0.00000	0.00000	0.00000	0.00000	0.00000	0.00000	0.00000	0.00000	
57.90907	81.74275	88.26883	57.90907	81.74275	88.26883	76.26919	77.34012	74.32432	76.26919	77.34012	74.32432	88.94354	94.79602	87.91433	88.94354	94.79602	87.91433	71.62161	71.74846	74.78705	71.62161	71.74846	74.78705	72.77506	63.23578	66.64154	72.77506	63.23578	66.64154	64.38182	71.98338	44.98036	72.30725	50.99062	73.82111	64.38184	71.98338	44.98036	72.30725	50.99062	73.82111	
0.00000	0.00000	0.00000	0.00000	0.00000	0.00000	0.00000	0.00000	0.00000	0.00000	0.00000	0.00000	0.00000	0.00000	0.00000	0.00000	0.00000	0.00000	0.00000	0.00000	0.00000	0.00000	0.00000	0.00000	0.00000	0.00000	0.00000	0.00000	0.00000	0.00000	0.00000	0.00000	0.00000	0.00000	0.00000	0.00000	0.00000	0.00000	0.00000	0.00000	0.00000	0.00000	
57.63644	81.77880	88.26178	57.63644	81.77880	88.26178	75.98191	77.11221	74.37859	75.98191	77.11221	74.37859	88.61966	94.67505	87.85714	88.61966	94.67505	87.85714	70.72599	70.82620	74.63706	70.72599	70.82620	74.63706	71.92183	61.84818	66.76364	71.92183	61.84823	66.76364	63.93952	71.47089	44.18708	71.73792	50.85095	73.79153	63.93952	71.47089	44.18708	71.73793	50.85095	73.79153	
0.00000	0.00000	0.00000	0.00000	0.00000	0.00000	0.00000	0.00000	0.00000	0.00000	0.00000	0.00000	0.00000	0.00000	0.00000	0.00000	0.00000	0.00000	0.00000	0.00000	0.00000	0.00000	0.00000	0.00000	0.00000	0.00000	0.00000	0.00000	0.00000	0.00000	0.00000	0.00000	0.00000	0.00000	0.00000	0.00000	0.00000	0.00000	0.00000	0.00000	0.00000	0.00000	
57.84627	81.69709	88.11733	57.84627	81.69709	88.11733	76.02193	77.42350	74.54719	76.02193	77.42350	74.54719	89.14242	94.99073	87.98768	89.14242	94.99073	87.98768	70.51200	70.37338	74.38715	70.51200	70.37338	74.38715	72.35815	62.65652	66.61972	72.35815	62.65657	66.61972	64.60177	71.74709	44.80937	71.99176	51.39635	73.84257	64.60179	71.74709	44.80942	71.99178	51.39635	73.84257	
0.00000	0.00000	0.00000	0.00000	0.00000	0.00000	0.00000	0.00000	0.00000	0.00000	0.00000	0.00000	0.00000	0.00000	0.00000	0.00000	0.00000	0.00000	0.00000	0.00000	0.00000	0.00000	0.00000	0.00000	0.00000	0.00000	0.00000	0.00000	0.00000	0.00000	0.00000	0.00000	0.00000	0.00000	0.00000	0.00000	0.00000	0.00000	0.00000	0.00000	0.00000	0.00000	
58.05254	81.90028	88.10520	58.05254	81.90028	88.10520	76.22917	77.35708	74.90272	76.22917	77.35708	74.90272	89.08596	94.87556	87.97468	89.08596	94.87557	87.97468	70.38257	70.55128	75.16556	70.38283	70.55128	75.16556	72.19102	62.29110	66.90366	72.19102	62.29110	66.90366	64.32635	71.71127	44.76296	71.95638	51.37830	74.07169	64.32633	71.71131	44.76278	71.95635	51.37830	74.07169	
0.00000	0.00000	0.00000	0.00000	0.00000	0.00000	0.00000	0.00000	0.00000	0.00000	0.00000	0.00000	0.00000	0.00000	0.00000	0.00000	0.00000	0.00000	0.00000	0.00000	0.00000	0.00000	0.00000	0.00000	0.00000	0.00000	0.00000	0.00000	0.00000	0.00000	0.00000	0.00000	0.00000	0.00000	0.00000	0.00000	0.00000	0.00000	0.00000	0.00000	0.00000	0.00000	
57.34966	81.59153	88.10520	57.34966	81.59153	88.10520	75.38761	76.74616	73.94297	75.38761	76.74616	73.94297	89.41910	95.02458	88.37953	89.41910	95.02458	88.37953	70.79436	70.66044	74.83553	70.79436	70.66044	74.83553	72.95177	62.66190	67.12477	72.95174	62.66186	67.12477	64.74068	71.77386	45.31908	72.00061	51.25067	73.93978	64.74064	71.77385	45.31893	72.00058	51.25067	73.93978	
0.00000	0.00000	0.00000	0.00000	0.00000	0.00000	0.00000	0.00000	0.00000	0.00000	0.00000	0.00000	0.00000	0.00000	0.00000	0.00000	0.00000	0.00000	0.00000	0.00000	0.00000	0.00000	0.00000	0.00000	0.00000	0.00000	0.00000	0.00000	0.00000	0.00000	0.00000	0.00000	0.00000	0.00000	0.00000	0.00000	0.00000	0.00000	0.00000	0.00000	0.00000	0.00000	
57.87068	81.76624	88.08600	57.87068	81.76624	88.08600	75.41064	76.94814	73.58309	75.41064	76.94814	73.58309	88.87584	94.83754	88.24443	88.87584	94.83754	88.24443	71.42745	71.14142	75.32694	71.42745	71.14142	75.32694	73.82564	64.25966	67.48844	73.82564	64.25971	67.48844	64.86783	72.04635	45.57267	72.42095	51.43896	74.02798	64.86783	72.04635	45.57279	72.42097	51.43896	74.02798	
0.00000	0.00000	0.00000	0.00000	0.00000	0.00000	0.00000	0.00000	0.00000	0.00000	0.00000	0.00000	0.00000	0.00000	0.00000	0.00000	0.00000	0.00000	0.00000	0.00000	0.00000	0.00000	0.00000	0.00000	0.00000	0.00000	0.00000	0.00000	0.00000	0.00000	0.00000	0.00000	0.00000	0.00000	0.00000	0.00000	0.00000	0.00000	0.00000	0.00000	0.00000	0.00000	
58.41424	81.87413	88.06461	58.41424	81.87414	88.06461	75.21382	76.88607	73.81404	75.21382	76.88607	73.81404	89.68118	95.24708	88.50575	89.68118	95.24708	88.50575	71.07620	70.43787	76.11684	71.07620	70.43787	76.11684	75.15136	65.36085	68.52941	75.15129	65.36078	68.52941	65.27076	72.46792	46.01416	72.63670	51.37402	74.40078	65.27076	72.46791	46.01416	72.63668	51.37402	74.40078	
0.00000	0.00000	0.00000	0.00000	0.00000	0.00000	0.00000	0.00000	0.00000	0.00000	0.00000	0.00000	0.00000	0.00000	0.00000	0.00000	0.00000	0.00000	0.00000	0.00000	0.00000	0.00000	0.00000	0.00000	0.00000	0.00000	0.00000	0.00000	0.00000	0.00000	0.00000	0.00000	0.00000	0.00000	0.00000	0.00000	0.00000	0.00000	0.00000	0.00000	0.00000	0.00000	
58.36339	81.84895	88.05970	58.36339	81.84895	88.05970	75.05702	76.45858	73.60595	75.05702	76.45858	73.60595	89.51124	95.09071	88.47780	89.51124	95.09071	88.47780	71.23747	70.58897	75.55178	71.23747	70.58897	75.55178	74.78801	64.88221	68.06690	74.78801	64.88221	68.06690	65.35610	72.38554	46.15462	72.50401	51.40766	74.19497	65.35610	72.38554	46.15462	72.50401	51.40766	74.19497	
0.00000	0.00000	0.00000	0.00000	0.00000	0.00000	0.00000	0.00000	0.00000	0.00000	0.00000	0.00000	0.00000	0.00000	0.00000	0.00000	0.00000	0.00000	0.00000	0.00000	0.00000	0.00000	0.00000	0.00000	0.00000	0.00000	0.00000	0.00000	0.00000	0.00000	0.00000	0.00000	0.00000	0.00000	0.00000	0.00000	0.00000	0.00000	0.00000	0.00000	0.00000	0.00000	
58.43136	81.86069	88.05970	58.43136	81.86069	88.05970	75.33279	76.71282	73.62535	75.33279	76.71282	73.62535	89.74213	95.20094	88.59695	89.74213	95.20094	88.59695	71.32620	70.80026	75.57058	71.32620	70.80026	75.57058	75.10259	65.11896	68.76475	75.10259	65.11896	68.76475	65.58977	72.58747	46.31886	72.66876	51.40187	74.33653	65.58975	72.58747	46.31885	72.66875	51.40187	74.33653	
0.00000	0.00000	0.00000	0.00000	0.00000	0.00000	0.00000	0.00000	0.00000	0.00000	0.00000	0.00000	0.00000	0.00000	0.00000	0.00000	0.00000	0.00000	0.00000	0.00000	0.00000	0.00000	0.00000	0.00000	0.00000	0.00000	0.00000	0.00000	0.00000	0.00000	0.00000	0.00000	0.00000	0.00000	0.00000	0.00000	0.00000	0.00000	0.00000	0.00000	0.00000	0.00000	
58.28017	81.80386	88.07669	58.28017	81.80386	88.07669	75.10636	76.59380	73.48485	75.10663	76.59380	73.48485	89.73764	95.19577	88.58496	89.73764	95.19577	88.58496	71.34342	70.67808	75.47826	71.34342	70.67808	75.47826	74.99137	65.03316	68.53677	74.99130	65.03306	68.53677	65.50537	72.49406	46.33293	72.60627	51.43678	74.26638	65.50539	72.49409	46.33293	72.60625	51.43678	74.26638	
0.00000	0.00000	0.00000	0.00000	0.00000	0.00000	0.00000	0.00000	0.00000	0.00000	0.00000	0.00000	0.00000	0.00000	0.00000	0.00000	0.00000	0.00000	0.00000	0.00000	0.00000	0.00000	0.00000	0.00000	0.00000	0.00000	0.00000	0.00000	0.00000	0.00000	0.00000	0.00000	0.00000	0.00000	0.00000	0.00000	0.00000	0.00000	0.00000	0.00000	0.00000	0.00000	
58.34475	81.85263	88.11021	58.34475	81.85263	88.11021	75.21875	76.63861	73.65439	75.21875	76.63861	73.65439	89.84410	95.24690	88.62338	89.84410	95.24690	88.62338	71.35647	70.71258	75.51724	71.35647	70.71258	75.51724	74.86652	64.88029	68.45215	74.86652	64.88033	68.45215	65.44202	72.51210	46.42202	72.62550	51.40052	74.29298	65.44202	72.51210	46.42202	72.62551	51.40052	74.29298	
0.00000	0.00000	0.00000	0.00000	0.00000	0.00000	0.00000	0.00000	0.00000	0.00000	0.00000	0.00000	0.00000	0.00000	0.00000	0.00000	0.00000	0.00000	0.00000	0.00000	0.00000	0.00000	0.00000	0.00000	0.00000	0.00000	0.00000	0.00000	0.00000	0.00000	0.00000	0.00000	0.00000	0.00000	0.00000	0.00000	0.00000	0.00000	0.00000	0.00000	0.00000	0.00000	
58.17254	81.77954	88.08881	58.17254	81.77954	88.08881	75.33279	76.85081	73.57212	75.33279	76.85081	73.57212	89.95197	95.30086	88.57590	89.95197	95.30086	88.57590	71.36065	70.71600	75.71802	71.36065	70.71600	75.71802	74.74835	64.76324	68.31721	74.74835	64.76324	68.31721	65.35306	72.48656	46.22685	72.60622	51.48064	74.29212	65.35308	72.48656	46.22685	72.60622	51.48064	74.29212	
